1862
4006
4837
1703
4762
416
66
1326
1034
4893
3654
431
4089
478
2264
4095
724
417
2034
183
2213
3256
4244
2178
104
4739
4136
4525
4912
3364
3916
2216
3615
2435
2768
2694
3089
1954
1138
797
3151
1266
2602
971
2285
2352
502
2438
2099
2260
4787
4506
767
3858
3408
1600
3701
296
232
256
4218
4706
3061
297
4079
495
3806
1657
1877
1570
103
3091
471
1236
729
4288
759
3618
1180
3026
4122
3383
2519
1787
1559
2757
3334
995
159
419
4584
3558
1331
75
2115
2635
3115
556
3747
4522
2021
614
3270
53
1183
1047
2606
3891
2558
72
917
4191
4455
2167
1358
2307
1495
2355
99
2553
1775
474
3104
3254
2081
546
699
3543
1989
4240
3914
286
4742
2746
4620
58
1860
196
4098
3619
2729
949
2203
1966
4500
1450
229
3393
3320
634
1355
953
819
1816
2508
3250
464
349
1673
3512
313
4395
145
234
4196
4638
4929
3992
701
4112
3446
3843
4526
2362
955
1944
1113
4417
1929
2424
734
224
877
4910
1416
12
2755
4310
4703
379
4960
4941
2770
4428
4844
2520
366
2803
2860
3359
3111
2044
3443
2776
553
1437
3623
2478
4297
494
3401
2904
2714
2300
105
3140
3608
4132
2479
2846
437
3993
4138
2689
1090
1849
2851
3960
2455
4017
4948
4965
3455
1650
1681
1227
3467
975
467
4531
2721
308
1254
3703
1866
584
4918
2928
3173
3739
3719
2151
4012
2052
1563
2876
1376
4140
4795
4820
31
963
2423
4917
100
2594
4337
2580
3291
521
1648
2912
636
4765
3896
1046
1472
4319
969
3423
4438
127
881
2747
207
2037
2804
1369
1995
3795
3208
4773
2382
91
937
4848
1166
2066
2854
792
1835
4090
298
1431
2556
4247
4490
4937
3923
3819
2818
743
1915
422
3724
2798
1614
859
63
316
3635
815
3450
869
2117
2979
4398
4088
4155
4057
968
1977
1094
783
3285
904
4643
4453
2542
3000
1157
2315
832
3694
3551
4563
544
4396
2019
1662
147
2791
4073
2227
758
716
4873
481
2156
3312
3178
338
4800
1365
735
1482
2252
3862
2941
2109
2090
3198
4971
535
30
1413
2375
4797
3108
3697
3473
1211
3704
1622
1952
1475
1858
988
2428
1053
3521
705
2368
4780
4101
2667
4363
341
1676
1526
509
3505
4187
3135
746
235
4229
805
1173
2475
1286
1535
4556
376
2162
3884
4735
3077
2790
425
2892
3879
4434
4148
4876
3400
4733
1265
2080
4986
4913
391
306
1591
2446
4047
883
3832
2715
3585
2968
370
3181
4477
524
4701
4183
213
2763
722
4346
570
4508
3687
3260
3313
111
4046
3522
4902
392
1878
485
972
4296
1675
2333
1580
1608
2422
3050
3435
3646
23
1200
1829
1823
3085
4131
4845
884
624
3732
1070
3598
3596
4817
992
1683
2243
1388
3970
3214
912
128
220
3348
1159
3503
368
1646
3738
4573
2528
2170
4219
2365
2282
2574
2395
2772
554
3323
2087
2071
2343
3707
1500
480
3382
488
3395
4527
2707
3290
1372
2187
4361
1263
1743
1901
291
3578
3309
2305
3929
770
2613
3854
3053
3727
641
4548
4388
2014
4715
1587
2474
2235
2449
1290
482
238
4823
2862
3228
4804
3031
1032
1008
4974
2146
452
4448
1288
2459
4559
88
3010
804
1169
2247
137
17
1133
4045
2578
2324
4897
4618
4416
2086
350
34
2454
1189
775
4589
522
1297
4029
901
1487
3679
3470
1377
46
1316
2240
2894
1728
175
1867
513
3688
4060
3232
3258
458
1693
2218
2345
1983
727
2085
3500
1402
1096
626
3488
1126
3157
3341
3171
1420
395
3740
3298
4600
2816
3768
3846
4693
2245
1508
1164
2005
3651
1244
4771
4197
4624
2182
4778
355
2999
1861
2120
1258
2549
3154
2529
4955
2991
915
994
2092
2018
4763
4025
1332
4168
803
4681
1250
4010
4961
3353
659
2599
3580
2527
4533
874
1327
3478
3253
2451
1356
1539
4781
440
1919
2336
3514
165
1104
4871
1295
4813
628
406
4212
776
1270
2932
3148
4722
1951
2986
3689
3706
4904
981
3722
2097
4799
4026
1319
2242
2759
4550
3657
215
1996
2750
3692
3902
259
3849
129
1598
54
1243
4415
928
2937
2775
4404
4433
3864
2401
400
4452
1882
3102
2950
1551
2916
2055
3484
390
871
3844
644
1220
233
337
3019
845
4252
548
3664
4421
2963
1514
3965
2769
4338
1933
3234
180
3607
11
1754
3583
3629
3807
823
1100
530
4068
3924
459
3788
4856
1194
4898
725
1079
1379
1091
942
4863
1225
2993
2984
1633
4118
696
1125
3162
4645
4636
1130
4295
2752
329
1726
1342
4628
1064
4190
1433
3752
457
4154
2923
4748
4859
2914
3693
1476
3797
3789
2299
3459
2501
2220
4920
1544
3259
629
1616
1564
979
3973
656
5000
1517
1154
76
774
3603
2850
1534
809
4384
2589
486
4726
2644
460
268
605
3251
4241
3976
40
411
4808
4540
3326
730
1469
1953
2378
692
2575
2535
1002
4894
1999
33
2334
890
325
141
4051
2135
1609
4194
3349
700
3337
484
800
2761
1260
1727
305
4583
1452
4446
1101
4
4163
4499
4094
1868
2051
1870
3132
3800
1523
2566
3018
4969
4932
1894
4520
442
4879
3751
4731
4839
1758
2591
1216
4255
2510
1043
4964
1199
1014
4084
3426
2328
491
4027
766
834
1573
3888
1679
2683
3237
2184
4740
4569
4458
1072
1239
3787
3776
2143
1524
697
1519
4102
1105
1223
3252
4272
1770
2895
2232
3863
473
1361
4110
2972
3200
4364
4309
1042
2039
1073
3189
3357
4303
449
4134
878
399
3917
4963
3746
4043
434
3793
3300
1734
1215
3142
1339
2541
935
1095
237
4350
4339
732
4127
4829
4900
299
723
3379
1886
4049
4850
2736
2490
4176
3709
2072
2467
4980
2682
