2154
4098
417
1241
2424
2160
1388
4628
1005
4455
416
827
724
1591
4837
3795
2539
4920
2640
2353
4918
953
759
1833
815
2355
2475
4525
1919
4893
99
414
232
3739
4421
1817
2637
3748
3713
4584
928
4552
159
4675
4272
1504
1775
2553
1244
207
3408
4115
2081
2804
1951
1570
3914
4508
973
4095
2243
4420
3843
3356
2445
478
1254
1237
3654
4961
3050
3298
3271
33
767
2775
4701
2816
2892
1765
286
1837
395
2846
1377
2202
4848
1886
4089
4917
3279
2766
2603
779
2519
4762
3768
2885
2694
4145
3201
3692
4006
1493
2105
1662
1823
3543
3103
1331
379
400
390
1995
3082
256
2151
2315
2683
2774
4456
1500
2558
955
1090
3751
3661
3125
699
994
1107
947
792
1257
3320
1088
2880
4754
1034
3247
277
1452
4739
1250
104
3594
1847
135
1495
1169
2203
1046
3193
2528
4380
3832
1215
900
2550
1702
1211
2759
2161
2986
1111
4384
3057
2099
2034
1029
2037
1021
1018
304
4090
2674
2803
4955
1199
2602
3089
906
2985
1072
2438
4820
3416
1742
2574
2940
4550
147
1563
175
4297
797
2700
1801
4531
431
4079
1431
1953
2904
4363
4555
229
1933
183
4417
2333
700
4840
1929
2755
3258
2561
14
824
4785
4057
4748
4844
2216
4773
4240
1096
729
4122
4391
4768
1300
196
3688
2933
2080
2245
3200
530
4924
604
4882
546
1849
716
1835
350
3858
4923
2041
2507
917
289
2011
597
4252
2729
3583
3862
4624
4527
3756
40
2000
4055
2306
3664
3114
878
706
1157
2019
743
2776
4696
302
4589
2912
568
1868
3627
2758
4490
1327
3946
4864
419
3571
1104
634
1820
615
4446
2671
4859
734
1644
1614
2459
3519
3135
4088
3024
2629
4967
1829
440
4941
3254
3349
881
1266
802
1611
805
2552
2974
371
308
979
1650
4187
1487
1455
313
3028
2136
1954
138
1137
3312
1135
495
1303
2465
1437
2669
1952
2178
3704
4816
4876
3161
4936
3724
995
2529
3550
726
1867
2045
391
4449
3551
3974
471
2071
1520
4060
283
485
4506
2162
3446
2894
765
971
4986
2843
3480
972
1475
1342
201
3228
3546
4783
3775
4253
4975
4938
2474
4213
1227
697
553
661
2718
4155
3363
4896
4073
1865
4969
3616
3468
3278
3992
3747
3026
1047
2014
4655
3214
1118
4431
4404
459
4620
4039
2854
1358
4140
66
523
1860
2554
1164
4556
3375
3451
4136
2021
4134
2665
3383
2378
4693
3891
4856
3618
4795
1265
3329
4149
2721
325
3626
3256
2542
4398
770
4740
969
2274
4339
4289
3178
482
1306
2878
2862
4898
2790
1503
704
4346
180
333
3847
3444
2354
4310
3632
1286
472
1365
164
3152
1535
3066
2659
4106
2920
3270
111
4800
404
988
1616
3615
103
1703
3291
2342
3000
2223
4538
1700
3424
23
1089
2501
883
2644
4605
129
1787
2262
100
2345
3018
20
4863
4845
3568
2968
3401
2822
2336
1706
4434
3492
1862
3195
4103
65
2446
3813
3061
4765
1574
234
176
3353
2928
3046
1274
1873
3227
3423
3084
3687
3596
739
157
1519
1357
1648
2388
85
2138
3174
1262
12
4539
3269
2210
3198
418
1161
4218
3773
2763
3882
200
3892
4144
978
3151
992
4644
4256
1973
2781
3043
3016
548
2089
3780
4779
4849
2540
4984
2746
263
2699
206
4465
2054
4948
1713
3150
4801
460
1113
2341
4541
4188
819
3733
389
705
3963
4338
4796
970
154
1216
535
966
4965
370
266
4784
2324
2373
4233
3421
305
3806
279
195
1791
3819
238
5000
3068
4667
3652
2556
3093
1595
4416
4839
1533
4113
3896
2818
457
1385
3943
4101
2252
2750
4557
4191
975
4438
3573
2557
237
4112
4512
937
836
4735
4498
4045
215
4287
3083
3364
4877
1643
366
3623
1213
2115
2895
4203
3923
4643
4138
4368
2318
1824
2932
3504
1392
3237
2240
1258
4428
2184
3323
3253
2073
2213
2689
2791
4132
2696
1747
1562
3719
4239
3277
2606
2707
3707
1233
1544
2594
643
4394
3988
1159
2170
1892
296
4535
1541
2524
3635
30
4829
1154
3104
3765
1909
4781
735
2577
4865
4197
4224
2977
4244
4146
1291
1622
3585
3697
2401
502
3450
1326
4869
4229
4797
3259
3579
4100
3613
874
2628
1405
2375
3970
2769
8
529
382
1133
2052
547
4040
2590
1009
2979
3730
4722
4937
1386
846
2382
640
612
4274
4433
1171
4162
2329
4185
3422
3234
2314
393
1581
2563
4954
3053
938
1240
1217
1716
3511
2736
246
41
1657
4559
3525
145
3854
4288
809
3580
4385
4947
1038
2083
3675
2434
3804
362
3292
3523
1402
2798
3062
4361
3347
2111
4997
1131
3158
2770
3467
1579
3359
464
3111
877
1566
4738
2186
2768
2439
4787
3776
1522
3807
1450
2119
3608
1756
3252
2391
2649
4022
2485
2303
3609
1013
1683
4895
3808
1373
372
3829
626
776
3547
1370
4190
1049
2449
2430
544
4692
2300
4900
958
1687
3518
1128
1076
2399
3379
1966
4276
2726
1309
3548
3708
1086
1600
3960
3908
298
3718
2526
4957
1901
2852
1130
3169
4350
316
1414
4172
2188
1201
4912
2789
123
2813
4405
2833
1320
4409
3949
2888
4000
4070
890
4903
3789
1383
1997
3556
4804
516
247
517
1139
1239
3714
1813
3317
1740
4522
355
1750
2623
2927
511
3377
1525
2964
4396
216
1329
2338
2235
1726
2903
4892
996
1559
3904
330
360
3560
825
3589
1950
3040
1236
2334
2863
3115
1408
2383
239
3149
572
4181
1136
4581
415
3096
397
3033
999
236
1513
4410
3738
2624
2192
4352
2110
935
2566
542
3337
4424
1284
2352
577
685
2642
2087
481
2285
2298
3797
1078
4573
2231
4345
4838
3371
4532
3110
1020
3917
4681
4533
187
1856
242
2327
1460
4127
